6049 18298225 36
6050 18304275 36
6051 18310326 32
6052 18316378 16
6053 18322431 8
6054 18328485 32
6055 18334540 48
6056 18340596 36
6057 18346653 24
6058 18352711 16
6059 18358770 64
6060 18364830 128
6061 18370891 32
6062 18376953 32
6063 18383016 64
6064 18389080 32
6065 18395145 24
6066 18401211 12
6067 18407278 16
6068 18413346 96
6069 18419415 48
6070 18425485 16
6071 18431556 96
6072 18437628 48
6073 18443701 4
6074 18449775 36
6075 18455850 216
6076 18461926 48
6077 18468003 16
6078 18474081 8
6079 18480160 48
6080 18486240 96
6081 18492321 8
6082 18498403 16
6083 18504486 144
6084 18510570 72
6085 18516655 16
6086 18522741 16
6087 18528828 24
6088 18534916 12
6089 18541005 32
6090 18547095 32
6091 18553186 8
6092 18559278 24
6093 18565371 24
6094 18571465 32
6095 18577560 128
6096 18583656 128
6097 18589753 16
6098 18595851 16
6099 18601950 96
6100 18608050 24
6101 18614151 16
6102 18620253 32
6103 18626356 48
6104 18632460 192
6105 18638565 64
6106 18644671 16
6107 18650778 32
6108 18656886 32
6109 18662995 32
6110 18669105 96
6111 18675216 120
6112 18681328 20
6113 18687441 8
6114 18693555 16
6115 18699670 32
6116 18705786 32
6117 18711903 32
6118 18718021 32
6119 18724140 144
6120 18730260 72
6121 18736381 4
6122 18742503 16
6123 18748626 32
6124 18754750 48
6125 18760875 48
6126 18767001 16
6127 18773128 32
6128 18779256 64
6129 18785385 32
6130 18791515 8
6131 18797646 32
6132 18803778 32
6133 18809911 4
6134 18816045 16
6135 18822180 96
6136 18828316 72
6137 18834453 72
6138 18840591 48
6139 18846730 32
6140 18852870 64
6141 18859011 32
6142 18865153 8
6143 18871296 44
6144 18877440 88
6145 18883585 16
6146 18889731 24
6147 18895878 48
6148 18902026 64
6149 18908175 96
6150 18914325 24
6151 18920476 12
6152 18926628 48
6153 18932781 32
6154 18938935 16
6155 18945090 80
6156 18951246 80
6157 18957403 8
6158 18963561 8
6159 18969720 128
6160 18975880 128
6161 18982041 32
6162 18988203 16
6163 18994366 16
6164 19000530 96
6165 19006695 24
6166 19012861 8
6167 19019028 48
6168 19025196 48
6169 19031365 16
6170 19037535 48
6171 19043706 48
6172 19049878 8
6173 19056051 24
6174 19062225 144
6175 19068400 120
6176 19074576 80
6177 19080753 16
6178 19086931 8
6179 19093110 64
6180 19099290 64
6181 19105471 16
6182 19111653 32
6183 19117836 48
6184 19124020 24
6185 19130205 16
6186 19136391 16
6187 19142578 64
6188 19148766 64
6189 19154955 16
6190 19161145 16
6191 19167336 96
6192 19173528 96
6193 19179721 16
6194 19185915 64
6195 19192110 64
6196 19198306 8
6197 19204503 8
6198 19210701 8
6199 19216900 36
6200 19223100 216
6201 19229301 48
6202 19235503 8
6203 19241706 32
6204 19247910 128
6205 19254115 32
6206 19260321 16
6207 19266528 48
6208 19272736 48
6209 19278945 64
6210 19285155 32
6211 19291366 8
6212 19297578 32
6213 19303791 32
6214 19310005 32
6215 19316220 192
6216 19322436 48
6217 19328653 4
6218 19334871 12
6219 19341090 48
6220 19347310 16
6221 19353531 16
6222 19359753 48
6223 19365976 48
6224 19372200 96
6225 19378425 48
6226 19384651 16
6227 19390878 48
6228 19397106 24
6229 19403335 16
6230 19409565 64
6231 19415796 96
6232 19422028 48
6233 19428261 16
6234 19434495 32
6235 19440730 32
6236 19446966 80
6237 19453203 40
6238 19459441 8
6239 19465680 160
6240 19471920 120
6241 19478161 6
6242 19484403 8
6243 19490646 32
6244 19496890 32
6245 19503135 24
6246 19509381 12
6247 19515628 24
6248 19521876 48
6249 19528125 24
6250 19534375 48
6251 19540626 64
6252 19546878 48
6253 19553131 24
6254 19559385 48
6255 19565640 192
6256 19571896 32
6257 19578153 16
6258 19584411 32
6259 19590670 32
6260 19596930 32
6261 19603191 16
6262 19609453 8
6263 19615716 48
6264 19621980 192
6265 19628245 32
6266 19634511 16
6267 19640778 16
6268 19647046 8
6269 19653315 32
6270 19659585 32
6271 19665856 42
6272 19672128 252
6273 19678401 24
6274 19684675 12
6275 19690950 48
6276 19697226 16
6277 19703503 8
6278 19709781 64
6279 19716060 192
6280 19722340 48
6281 19728621 24
6282 19734903 24
6283 19741186 16
6284 19747470 32
6285 19753755 32
6286 19760041 8
6287 19766328 32
6288 19772616 64
6289 19778905 32
6290 19785195 64
6291 19791486 96
6292 19797778 96
6293 19804071 32
6294 19810365 16
6295 19816660 24
6296 19822956 24
6297 19829253 16
6298 19835551 8
6299 19841850 72
6300 19848150 72
6301 19854451 8
6302 19860753 32
6303 19867056 80
6304 19873360 80
6305 19879665 32
6306 19885971 32
6307 19892278 64
6308 19898586 48
6309 19904895 24
6310 19911205 8
6311 19917516 24
6312 19923828 48
6313 19930141 32
6314 19936455 64
6315 19942770 32
6316 19949086 8
6317 19955403 24
6318 19961721 48
6319 19968040 64
6320 19974360 192
6321 19980681 48
6322 19987003 8
6323 19993326 32
6324 19999650 192
6325 20005975 24
6326 20012301 24
6327 20018628 144
6328 20024956 24
6329 20031285 16
6330 20037615 32
6331 20043946 16
6332 20050278 16
6333 20056611 8
6334 20062945 16
6335 20069280 288
6336 20075616 72
6337 20081953 4
6338 20088291 8
6339 20094630 32
6340 20100970 32
6341 20107311 32
6342 20113653 16
6343 20119996 24
6344 20126340 192
6345 20132685 64
6346 20139031 16
6347 20145378 48
6348 20151726 48
6349 20158075 24
6350 20164425 48
6351 20170776 64
6352 20177128 16
6353 20183481 12
6354 20189835 48
6355 20196190 64
6356 20202546 64
6357 20208903 48
6358 20215261 12
6359 20221620 48
6360 20227980 48
6361 20234341 4
6362 20240703 24
6363 20247066 96
6364 20253430 64
6365 20259795 32
6366 20266161 8
6367 20272528 20
6368 20278896 80
6369 20285265 96
6370 20291635 48
6371 20298006 64
6372 20304378 32
6373 20310751 4
6374 20317125 32
6375 20323500 96
6376 20329876 24
6377 20336253 16
6378 20342631 8
6379 20349010 32
6380 20355390 96
6381 20361771 12
6382 20368153 8
6383 20374536 128
6384 20380920 128
6385 20387305 16
6386 20393691 16
6387 20400078 16
6388 20406466 8
6389 20412855 24
6390 20419245 96
6391 20425636 96
6392 20432028 48
6393 20438421 16
6394 20444815 16
6395 20451210 64
6396 20457606 32
6397 20464003 8
6398 20470401 40
6399 20476800 240
6400 20483200 96
6401 20489601 32
6402 20496003 32
6403 20502406 16
6404 20508810 64
6405 20515215 32
6406 20521621 8
6407 20528028 72
6408 20534436 144
6409 20540845 32
6410 20547255 16
6411 20553666 32
6412 20560078 48
6413 20566491 24
6414 20572905 16
6415 20579320 32
6416 20585736 96
6417 20592153 24
6418 20598571 12
6419 20604990 96
6420 20611410 32
6421 20617831 12
6422 20624253 24
6423 20630676 48
6424 20637100 72
6425 20643525 96
6426 20649951 32
6427 20656378 8
6428 20662806 16
6429 20669235 16
6430 20675665 16
6431 20682096 80
6432 20688528 80
6433 20694961 8
6434 20701395 48
6435 20707830 96
6436 20714266 16
6437 20720703 32
6438 20727141 32
6439 20733580 96
6440 20740020 192
6441 20746461 16
6442 20752903 8
6443 20759346 48
6444 20765790 48
6445 20772235 16
6446 20778681 32
6447 20785128 128
6448 20791576 32
6449 20798025 24
6450 20804475 24
6451 20810926 8
6452 20817378 32
6453 20823831 32
6454 20830285 16
6455 20836740 48
6456 20843196 48
6457 20849653 8
6458 20856111 8
6459 20862570 64
6460 20869030 128
6461 20875491 48
6462 20881953 24
6463 20888416 48
6464 20894880 96
6465 20901345 32
6466 20907811 16
6467 20914278 96
6468 20920746 48
6469 20927215 8
6470 20933685 24
6471 20940156 36
6472 20946628 12
6473 20953101 16
6474 20959575 96
6475 20966050 48
6476 20972526 32
6477 20979003 32
6478 20985481 32
6479 20991960 320
6480 20998440 80
6481 21004921 8
6482 21011403 16
6483 21017886 16
6484 21024370 16
6485 21030855 32
6486 21037341 32
6487 21043828 24
6488 21050316 72
6489 21056805 96
6490 21063295 16
6491 21069786 16
6492 21076278 32
6493 21082771 16
6494 21089265 32
6495 21095760 160
6496 21102256 80
6497 21108753 36
6498 21115251 36
6499 21121750 64
6500 21128250 128
6501 21134751 16
6502 21141253 8
6503 21147756 48
6504 21154260 48
6505 21160765 8
6506 21167271 16
6507 21173778 32
6508 21180286 16
6509 21186795 64
6510 21193305 64
6511 21199816 64
6512 21206328 128
6513 21212841 16
6514 21219355 8
6515 21225870 48
6516 21232386 96
6517 21238903 16
6518 21245421 16
6519 21251940 96
6520 21258460 24
6521 21264981 8
6522 21271503 16
6523 21278026 32
6524 21284550 144
6525 21291075 72
6526 21297601 16
6527 21304128 112
6528 21310656 56
6529 21317185 8
6530 21323715 32
6531 21330246 64
6532 21336778 32
6533 21343311 48
6534 21349845 48
6535 21356380 48
6536 21362916 48
6537 21369453 16
6538 21375991 16
6539 21382530 64
6540 21389070 64
6541 21395611 8
6542 21402153 12
6543 21408696 48
6544 21415240 128
6545 21421785 64
6546 21428331 8
6547 21434878 8
6548 21441426 32
6549 21447975 48
6550 21454525 12
6551 21461076 72
6552 21467628 72
6553 21474181 8
6554 21480735 64
6555 21487290 128
6556 21493846 32
6557 21500403 16
6558 21506961 16
6559 21513520 80
6560 21520080 180
6561 21526641 36
6562 21533203 8
6563 21539766 16
6564 21546330 64
6565 21552895 48
6566 21559461 48
6567 21566028 48
6568 21572596 12
6569 21579165 24
6570 21585735 24
6571 21592306 16
6572 21598878 64
6573 21605451 32
6574 21612025 24
6575 21618600 96
6576 21625176 32
6577 21631753 16
6578 21638331 96
6579 21644910 192
6580 21651490 32
6581 21658071 8
6582 21664653 16
6583 21671236 24
6584 21677820 48
6585 21684405 32
6586 21690991 16
6587 21697578 64
6588 21704166 64
6589 21710755 16
6590 21717345 32
6591 21723936 96
6592 21730528 48
6593 21737121 32
6594 21743715 32
6595 21750310 32
6596 21756906 48
6597 21763503 12
6598 21770101 4
6599 21776700 72
6600 21783300 288
6601 21789901 16
6602 21796503 16
6603 21803106 64
6604 21809710 32
6605 21816315 24
6606 21822921 12
6607 21829528 32
6608 21836136 64
6609 21842745 16
6610 21849355 16
6611 21855966 64
6612 21862578 64
6613 21869191 8
6614 21875805 48
6615 21882420 144
6616 21889036 24
6617 21895653 16
6618 21902271 8
6619 21908890 16
6620 21915510 32
6621 21922131 32
6622 21928753 32
6623 21935376 120
6624 21942000 240
6625 21948625 16
6626 21955251 12
6627 21961878 24
6628 21968506 16
6629 21975135 64
6630 21981765 64
6631 21988396 24
6632 21995028 72
6633 22001661 48
6634 22008295 16
6635 22014930 64
6636 22021566 32
6637 22028203 4
6638 22034841 8
6639 22041480 64
6640 22048120 64
6641 22054761 40
6642 22061403 80
6643 22068046 64
6644 22074690 64
6645 22081335 16
6646 22087981 12
6647 22094628 72
6648 22101276 48
6649 22107925 48
6650 22114575 72
6651 22121226 24
6652 22127878 8
6653 22134531 8
6654 22141185 32
6655 22147840 144
6656 22154496 144
6657 22161153 16
6658 22167811 4
6659 22174470 48
6660 22181130 48
6661 22187791 4
6662 22194453 8
6663 22201116 72
6664 22207780 144
6665 22214445 64
6666 22221111 32
6667 22227778 16
6668 22234446 64
6669 22241115 128
6670 22247785 32
6671 22254456 64
6672 22261128 32
6673 22267801 8
6674 22274475 48
6675 22281150 48
6676 22287826 16
6677 22294503 48
6678 22301181 24
6679 22307860 24
6680 22314540 96
6681 22321221 32
6682 22327903 16
6683 22334586 32
6684 22341270 64
6685 22347955 16
6686 22354641 12
6687 22361328 120
6688 22368016 40
6689 22374705 16
6690 22381395 16
6691 22388086 16
6692 22394778 64
6693 22401471 16
6694 22408165 16
6695 22414860 192
6696 22421556 96
6697 22428253 16
6698 22434951 64
6699 22441650 192
6700 22448350 24
6701 22455051 8
6702 22461753 8
6703 22468456 16
6704 22475160 96
6705 22481865 48
6706 22488571 16
6707 22495278 64
6708 22501986 32
6709 22508695 16
6710 22515405 32
6711 22522116 24
6712 22528828 36
6713 22535541 36
6714 22542255 48
6715 22548970 64
6716 22555686 32
6717 22562403 8
6718 22569121 4
6719 22575840 96
6720 22582560 384
6721 22589281 16
6722 22596003 20
6723 22602726 60
6724 22609450 36
6725 22616175 48
6726 22622901 48
6727 22629628 54
6728 22636356 36
6729 22643085 16
6730 22649815 16
6731 22656546 96
6732 22663278 48
6733 22670011 16
6734 22676745 64
6735 22683480 64
6736 22690216 16
6737 22696953 8
6738 22703691 16
6739 22710430 32
6740 22717170 96
6741 22723911 24
6742 22730653 8
6743 22737396 48
6744 22744140 96
6745 22750885 16
6746 22757631 16
6747 22764378 64
6748 22771126 32
6749 22777875 64
6750 22784625 64
6751 22791376 40
6752 22798128 40
6753 22804881 16
6754 22811635 32
6755 22818390 64
6756 22825146 32
6757 22831903 16
6758 22838661 24
6759 22845420 108
6760 22852180 36
6761 22858941 24
6762 22865703 24
6763 22872466 16
6764 22879230 128
6765 22885995 64
6766 22892761 16
6767 22899528 96
6768 22906296 96
6769 22913065 16
6770 22919835 32
6771 22926606 32
6772 22933378 16
6773 22940151 16
6774 22946925 24
6775 22953700 108
6776 22960476 144
6777 22967253 16
6778 22974031 4
6779 22980810 32
6780 22987590 32
6781 22994371 4
6782 23001153 32
6783 23007936 224
6784 23014720 112
6785 23021505 96
6786 23028291 48
6787 23035078 16
6788 23041866 32
6789 23048655 64
6790 23055445 16
6791 23062236 24
6792 23069028 24
6793 23075821 8
6794 23082615 48
6795 23089410 48
6796 23096206 16
6797 23103003 32
6798 23109801 32
6799 23116600 96
6800 23123400 96
6801 23130201 16
6802 23137003 8
6803 23143806 48
6804 23150610 96
6805 23157415 16
6806 23164221 16
6807 23171028 48
6808 23177836 48
6809 23184645 32
6810 23191455 48
6811 23198266 48
6812 23205078 48
6813 23211891 12
6814 23218705 16
6815 23225520 160
6816 23232336 80
6817 23239153 16
6818 23245971 16
6819 23252790 64
6820 23259610 64
6821 23266431 24
6822 23273253 12
6823 23280076 12
6824 23286900 144
6825 23293725 48
6826 23300551 4
6827 23307378 16
6828 23314206 16
6829 23321035 8
6830 23327865 64
6831 23334696 256
6832 23341528 32
6833 23348361 16
6834 23355195 32
6835 23362030 16
6836 23368866 32
6837 23375703 32
6838 23382541 16
6839 23389380 144
6840 23396220 72
6841 23403061 8
6842 23409903 16
6843 23416746 32
6844 23423590 48
6845 23430435 48
6846 23437281 32
6847 23444128 48
6848 23450976 72
6849 23457825 36
6850 23464675 48
6851 23471526 64
6852 23478378 64
6853 23485231 32
6854 23492085 32
6855 23498940 48
6856 23505796 12
6857 23512653 16
6858 23519511 32
6859 23526370 64
6860 23533230 64
6861 23540091 16
6862 23546953 8
6863 23553816 64
6864 23560680 128
6865 23567545 8
6866 23574411 24
6867 23581278 96
6868 23588146 16
6869 23595015 16
6870 23601885 16
6871 23608756 12
6872 23615628 48
6873 23622501 32
6874 23629375 40
6875 23636250 120
6876 23643126 72
6877 23650003 24
6878 23656881 16
6879 23663760 80
6880 23670640 80
6881 23677521 32
6882 23684403 16
6883 23691286 8
6884 23698170 80
6885 23705055 80
6886 23711941 16
6887 23718828 96
6888 23725716 72
6889 23732605 24
6890 23739495 32
6891 23746386 16
6892 23753278 16
6893 23760171 24
6894 23767065 48
6895 23773960 64
6896 23780856 96
6897 23787753 24
6898 23794651 4
6899 23801550 48
6900 23808450 96
6901 23815351 32
6902 23822253 96
6903 23829156 72
6904 23836060 24
6905 23842965 16
6906 23849871 8
6907 23856778 16
6908 23863686 96
6909 23870595 48
6910 23877505 8
6911 23884416 64
6912 23891328 128
6913 23898241 8
6914 23905155 16
6915 23912070 128
6916 23918986 32
6917 23925903 8
6918 23932821 32
6919 23939740 96
6920 23946660 72
6921 23953581 12
6922 23960503 16
6923 23967426 64
6924 23974350 48
6925 23981275 12
6926 23988201 8
6927 23995128 32
6928 24002056 48
6929 24008985 144
6930 24015915 96
6931 24022846 16
6932 24029778 16
6933 24036711 8
6934 24043645 16
6935 24050580 144
6936 24057516 72
6937 24064453 8
6938 24071391 16
6939 24078330 64
6940 24085270 32
6941 24092211 32
6942 24099153 32
6943 24106096 80
6944 24113040 160
6945 24119985 32
6946 24126931 8
6947 24133878 24
6948 24140826 24
6949 24147775 12
6950 24154725 48
6951 24161676 96
6952 24168628 48
6953 24175581 32
6954 24182535 64
6955 24189490 64
6956 24196446 48
6957 24203403 36
6958 24210361 12
6959 24217320 64
6960 24224280 64
6961 24231241 6
6962 24238203 24
6963 24245166 32
6964 24252130 32
6965 24259095 80
6966 24266061 20
6967 24273028 24
6968 24279996 96
6969 24286965 64
6970 24293935 16
6971 24300906 32
6972 24307878 64
6973 24314851 16
6974 24321825 72
6975 24328800 216
6976 24335776 24
6977 24342753 8
6978 24349731 16
6979 24356710 32
6980 24363690 64
6981 24370671 16
6982 24377653 4
6983 24384636 36
6984 24391620 144
6985 24398605 32
6986 24405591 32
6987 24412578 32
6988 24419566 16
6989 24426555 32
6990 24433545 16
6991 24440536 32
6992 24447528 256
6993 24454521 64
6994 24461515 16
6995 24468510 64
6996 24475506 32
6997 24482503 4
6998 24489501 8
6999 24496500 96
7000 24503500 48
7001 24510501 12
7002 24517503 24
7003 24524506 32
7004 24531510 64
7005 24538515 32
7006 24545521 48
7007 24552528 240
7008 24559536 80
7009 24566545 16
7010 24573555 48
7011 24580566 48
7012 24587578 8
7013 24594591 16
7014 24601605 64
7015 24608620 48
7016 24615636 24
7017 24622653 24
7018 24629671 12
7019 24636690 64
7020 24643710 256
7021 24650731 16
7022 24657753 8
7023 24664776 32
7024 24671800 48
7025 24678825 24
7026 24685851 8
7027 24692878 16
7028 24699906 96
7029 24706935 96
7030 24713965 32
7031 24720996 48
7032 24728028 48
7033 24735061 8
7034 24742095 32
7035 24749130 64
7036 24756166 16
7037 24763203 48
7038 24770241 24
7039 24777280 56
7040 24784320 112
7041 24791361 16
7042 24798403 8
7043 24805446 16
7044 24812490 32
7045 24819535 16
7046 24826581 48
7047 24833628 72
7048 24840676 48
7049 24847725 96
7050 24854775 48
7051 24861826 32
7052 24868878 32
7053 24875931 8
7054 24882985 16
7055 24890040 288
7056 24897096 72
7057 24904153 4
7058 24911211 16
7059 24918270 64
7060 24925330 32
7061 24932391 32
7062 24939453 32
7063 24946516 24
7064 24953580 72
7065 24960645 24
7066 24967711 8
7067 24974778 64
7068 24981846 32
7069 24988915 16
7070 24995985 32
7071 25003056 80
7072 25010128 80
7073 25017201 32
7074 25024275 48
7075 25031350 48
7076 25038426 64
7077 25045503 16
7078 25052581 4
7079 25059660 48
7080 25066740 96
7081 25073821 8
7082 25080903 12
7083 25087986 96
7084 25095070 128
7085 25102155 32
7086 25109241 16
7087 25116328 32
7088 25123416 64
7089 25130505 32
7090 25137595 16
7091 25144686 48
7092 25151778 48
7093 25158871 8
7094 25165965 32
7095 25173060 96
7096 25180156 24
7097 25187253 48
7098 25194351 48
7099 25201450 48
7100 25208550 96
7101 25215651 32
7102 25222753 8
7103 25229856 48
7104 25236960 288
7105 25244065 96
7106 25251171 64
7107 25258278 32
7108 25265386 8
7109 25272495 24
7110 25279605 48
7111 25286716 48
7112 25293828 48
7113 25300941 8
7114 25308055 8
7115 25315170 32
7116 25322286 32
7117 25329403 8
7118 25336521 24
7119 25343640 192
7120 25350760 32
7121 25357881 8
7122 25365003 16
7123 25372126 32
7124 25379250 128
7125 25386375 64
7126 25393501 8
7127 25400628 60
7128 25407756 60
7129 25414885 16
7130 25422015 32
7131 25429146 16
7132 25436278 16
7133 25443411 32
7134 25450545 32
7135 25457680 40
7136 25464816 120
7137 25471953 48
7138 25479091 24
7139 25486230 192
7140 25493370 128
7141 25500511 8
7142 25507653 8
7143 25514796 48
7144 25521940 48
7145 25529085 24
7146 25536231 24
7147 25543378 16
7148 25550526 16
7149 25557675 48
7150 25564825 24
7151 25571976 32
7152 25579128 64
7153 25586281 24
7154 25593435 96
7155 25600590 64
7156 25607746 16
7157 25614903 16
7158 25622061 8
7159 25629220 24
7160 25636380 192
7161 25643541 32
7162 25650703 16
7163 25657866 96
7164 25665030 48
7165 25672195 8
7166 25679361 8
7167 25686528 80
7168 25693696 80
7169 25700865 32
7170 25708035 32
7171 25715206 32
7172 25722378 48
7173 25729551 24
7174 25736725 48
7175 25743900 288
7176 25751076 48
7177 25758253 8
7178 25765431 16
7179 25772610 32
7180 25779790 32
7181 25786971 64
7182 25794153 64
7183 25801336 32
7184 25808520 64
7185 25815705 16
7186 25822891 4
7187 25830078 16
7188 25837266 64
7189 25844455 32
7190 25851645 48
7191 25858836 144
7192 25866028 24
7193 25873221 16
7194 25880415 32
7195 25887610 32
7196 25894806 32
7197 25902003 16
7198 25909201 16
7199 25916400 180
7200 25923600 180
7201 25930801 16
7202 25938003 40
7203 25945206 40
7204 25952410 32
7205 25959615 32
7206 25966821 8
7207 25974028 24
7208 25981236 120
7209 25988445 80
7210 25995655 16
7211 26002866 16
7212 26010078 16
7213 26017291 4
7214 26024505 32
7215 26031720 256
7216 26038936 64
7217 26046153 24
7218 26053371 12
7219 26060590 24
7220 26067810 96
7221 26075031 32
7222 26082253 16
7223 26089476 96
7224 26096700 216
7225 26103925 18
7226 26111151 24
7227 26118378 96
7228 26125606 16
7229 26132835 16
7230 26140065 32
7231 26147296 48
7232 26154528 48
7233 26161761 8
7234 26168995 8
7235 26176230 64
7236 26183466 32
7237 26190703 16
7238 26197941 64
7239 26205180 96
7240 26212420 48
7241 26219661 32
7242 26226903 16
7243 26234146 8
7244 26241390 96
7245 26248635 48
7246 26255881 4
7247 26263128 32
7248 26270376 64
7249 26277625 32
7250 26284875 32
7251 26292126 48
7252 26299378 24
7253 26306631 24
7254 26313885 48
7255 26321140 24
7256 26328396 48
7257 26335653 32
7258 26342911 32
7259 26350170 192
7260 26357430 96
7261 26364691 8
7262 26371953 16
7263 26379216 80
7264 26386480 40
7265 26393745 32
7266 26401011 48
7267 26408278 48
7268 26415546 32
7269 26422815 16
7270 26430085 16
7271 26437356 72
7272 26444628 72
7273 26451901 8
7274 26459175 24
7275 26466450 96
7276 26473726 32
7277 26481003 16
7278 26488281 16
7279 26495560 128
7280 26502840 192
7281 26510121 24
7282 26517403 8
7283 26524686 16
7284 26531970 64
7285 26539255 16
7286 26546541 16
7287 26553828 48
7288 26561116 24
7289 26568405 56
7290 26575695 56
7291 26582986 16
7292 26590278 64
7293 26597571 64
7294 26604865 16
7295 26612160 112
7296 26619456 56
7297 26626753 8
7298 26634051 24
7299 26641350 72
7300 26648650 72
7301 26655951 24
7302 26663253 16
7303 26670556 48
7304 26677860 96
7305 26685165 32
7306 26692471 8
7307 26699778 48
7308 26707086 48
7309 26714395 16
7310 26721705 32
7311 26729016 32
7312 26736328 32
7313 26743641 32
7314 26750955 128
7315 26758270 128
7316 26765586 64
7317 26772903 16
7318 26780221 8
7319 26787540 96
7320 26794860 48
7321 26802181 8
7322 26809503 16
7323 26816826 16
7324 26824150 24
7325 26831475 72
7326 26838801 48
7327 26846128 40
7328 26853456 80
7329 26860785 32
7330 26868115 8
7331 26875446 32
7332 26882778 32
7333 26890111 8
7334 26897445 48
7335 26904780 144
7336 26912116 96
7337 26919453 32
7338 26926791 16
7339 26934130 32
7340 26941470 32
7341 26948811 8
7342 26956153 8
7343 26963496 128
7344 26970840 256
7345 26978185 16
7346 26985531 16
7347 26992878 64
7348 27000226 16
7349 27007575 36
7350 27014925 36
7351 27022276 12
7352 27029628 72
7353 27036981 24
7354 27044335 8
7355 27051690 32
7356 27059046 32
7357 27066403 16
7358 27073761 32
7359 27081120 192
7360 27088480 96
7361 27095841 24
7362 27103203 24
7363 27110566 32
7364 27117930 64
7365 27125295 32
7366 27132661 16
7367 27140028 48
7368 27147396 24
7369 27154765 16
7370 27162135 160
7371 27169506 160
7372 27176878 32
7373 27184251 16
7374 27191625 32
7375 27199000 64
7376 27206376 32
7377 27213753 32
7378 27221131 32
7379 27228510 96
7380 27235890 144
7381 27243271 12
7382 27250653 16
7383 27258036 96
7384 27265420 96
7385 27272805 32
7386 27280191 16
7387 27287578 16
7388 27294966 24
7389 27302355 24
7390 27309745 16
7391 27317136 160
7392 27324528 80
7393 27331921 4
7394 27339315 32
7395 27346710 96
7396 27354106 24
7397 27361503 32
7398 27368901 48
7399 27376300 108
7400 27383700 72
7401 27391101 8
7402 27398503 8
7403 27405906 32
7404 27413310 32
7405 27420715 24
7406 27428121 36
7407 27435528 48
7408 27442936 32
7409 27450345 64
7410 27457755 32
7411 27465166 16
7412 27472578 64
7413 27479991 32
7414 27487405 16
7415 27494820 72
7416 27502236 36
7417 27509653 4
7418 27517071 8
7419 27524490 64
7420 27531910 64
7421 27539331 16
7422 27546753 16
7423 27554176 64
7424 27561600 384
7425 27569025 96
7426 27576451 16
7427 27583878 32
7428 27591306 64
7429 27598735 32
7430 27606165 16
7431 27613596 24
7432 27621028 12
7433 27628461 24
7434 27635895 48
7435 27643330 48
7436 27650766 96
7437 27658203 16
7438 27665641 8
7439 27673080 128
7440 27680520 128
7441 27687961 12
7442 27695403 18
7443 27702846 24
7444 27710290 16
7445 27717735 32
7446 27725181 32
7447 27732628 72
7448 27740076 144
7449 27747525 48
7450 27754975 12
7451 27762426 40
7452 27769878 80
7453 27777331 8
7454 27784785 32
7455 27792240 160
7456 27799696 20
7457 27807153 16
7458 27814611 16
7459 27822070 16
7460 27829530 48
7461 27836991 48
7462 27844453 32
7463 27851916 48
7464 27859380 48
7465 27866845 8
7466 27874311 16
7467 27881778 32
7468 27889246 32
7469 27896715 96
7470 27904185 48
7471 27911656 32
7472 27919128 64
7473 27926601 32
7474 27934075 48
7475 27941550 192
7476 27949026 32
7477 27956503 4
7478 27963981 16
7479 27971460 192
7480 27978940 48
7481 27986421 16
7482 27993903 32
7483 28001386 16
7484 28008870 32
7485 28016355 32
7486 28023841 8
7487 28031328 72
7488 28038816 72
7489 28046305 16
7490 28053795 64
7491 28061286 32
7492 28068778 16
7493 28076271 16
7494 28083765 16
7495 28091260 24
7496 28098756 108
7497 28106253 72
7498 28113751 8
7499 28121250 40
7500 28128750 80
7501 28136251 24
7502 28143753 48
7503 28151256 128
7504 28158760 128
7505 28166265 64
7506 28173771 16
7507 28181278 8
7508 28188786 16
7509 28196295 16
7510 28203805 32
7511 28211316 96
7512 28218828 48
7513 28226341 24
7514 28233855 72
7515 28241370 48
7516 28248886 8
7517 28256403 16
7518 28263921 32
7519 28271440 80
7520 28278960 160
7521 28286481 16
7522 28294003 4
7523 28301526 48
7524 28309050 288
7525 28316575 48
7526 28324101 32
7527 28331628 48
7528 28339156 12
7529 28346685 16
7530 28354215 32
7531 28361746 32
7532 28369278 96
7533 28376811 24
7534 28384345 16
7535 28391880 128
7536 28399416 32
7537 28406953 4
7538 28414491 16
7539 28422030 128
7540 28429570 32
7541 28437111 12
7542 28444653 24
7543 28452196 48
7544 28459740 96
7545 28467285 64
7546 28474831 16
7547 28482378 32
7548 28489926 32
7549 28497475 12
7550 28505025 36
7551 28512576 84
7552 28520128 112
7553 28527681 32
7554 28535235 16
7555 28542790 16
7556 28550346 32
7557 28557903 16
7558 28565461 4
7559 28573020 96
7560 28580580 96
7561 28588141 8
7562 28595703 16
7563 28603266 32
7564 28610830 64
7565 28618395 64
7566 28625961 64
7567 28633528 128
7568 28641096 144
7569 28648665 36
7570 28656235 16
7571 28663806 32
7572 28671378 16
7573 28678951 8
7574 28686525 48
7575 28694100 72
7576 28701676 12
7577 28709253 12
7578 28716831 48
7579 28724410 64
7580 28731990 96
7581 28739571 48
7582 28747153 8
7583 28754736 40
7584 28762320 160
7585 28769905 16
7586 28777491 16
7587 28785078 64
7588 28792666 16
7589 28800255 32
7590 28807845 32
7591 28815436 24
7592 28823028 48
7593 28830621 8
7594 28838215 24
7595 28845810 144
7596 28853406 48
7597 28861003 16
7598 28868601 32
7599 28876200 192
7600 28883800 96
7601 28891401 32
7602 28899003 16
7603 28906606 8
7604 28914210 72
7605 28921815 36
7606 28929421 4
7607 28937028 24
7608 28944636 48
7609 28952245 16
7610 28959855 32
7611 28967466 64
7612 28975078 32
7613 28982691 40
7614 28990305 40
7615 28997920 96
7616 29005536 96
7617 29013153 16
7618 29020771 16
7619 29028390 64
7620 29036010 32
7621 29043631 8
7622 29051253 72
7623 29058876 108
7624 29066500 48
7625 29074125 64
7626 29081751 32
7627 29089378 16
7628 29097006 16
7629 29104635 32
7630 29112265 32
7631 29119896 96
7632 29127528 96
7633 29135161 16
7634 29142795 32
7635 29150430 64
7636 29158066 32
7637 29165703 32
7638 29173341 16
7639 29180980 24
7640 29188620 96
7641 29196261 16
7642 29203903 4
7643 29211546 48
7644 29219190 192
7645 29226835 16
7646 29234481 8
7647 29242128 40
7648 29249776 20
7649 29257425 36
7650 29265075 72
7651 29272726 16
7652 29280378 16
7653 29288031 16
7654 29295685 16
7655 29303340 96
7656 29310996 192
7657 29318653 32
7658 29326311 48
7659 29333970 96
7660 29341630 32
7661 29349291 16
7662 29356953 16
7663 29364616 32
7664 29372280 128
7665 29379945 32
7666 29387611 16
7667 29395278 128
7668 29402946 32
7669 29410615 16
7670 29418285 32
7671 29425956 48
7672 29433628 24
7673 29441301 8
7674 29448975 24
7675 29456650 48
7676 29464326 48
7677 29472003 24
7678 29479681 16
7679 29487360 144
7680 29495040 72
7681 29502721 8
7682 29510403 32
7683 29518086 64
7684 29525770 64
7685 29533455 96
7686 29541141 24
7687 29548828 18
7688 29556516 72
7689 29564205 32
7690 29571895 8
7691 29579586 16
7692 29587278 48
7693 29594971 12
7694 29602665 40
7695 29610360 320
7696 29618056 64
7697 29625753 16
7698 29633451 8
7699 29641150 48
7700 29648850 192
7701 29656551 16
7702 29664253 4
7703 29671956 36
7704 29679660 144
7705 29687365 16
7706 29695071 16
7707 29702778 64
7708 29710486 32
7709 29718195 32
7710 29725905 32
7711 29733616 40
7712 29741328 60
7713 29749041 48
7714 29756755 32
7715 29764470 32
7716 29772186 16
7717 29779903 8
7718 29787621 32
7719 29795340 96
7720 29803060 48
7721 29810781 64
7722 29818503 32
7723 29826226 8
7724 29833950 48
7725 29841675 24
7726 29849401 4
7727 29857128 64
7728 29864856 128
7729 29872585 16
7730 29880315 24
7731 29888046 24
7732 29895778 32
7733 29903511 32
7734 29911245 64
7735 29918980 96
7736 29926716 24
7737 29934453 16
7738 29942191 16
7739 29949930 96
7740 29957670 48
7741 29965411 12
7742 29973153 48
7743 29980896 144
7744 29988640 72
7745 29996385 16
7746 30004131 16
7747 30011878 32
7748 30019626 128
7749 30027375 128
7750 30035125 32
7751 30042876 96
7752 30050628 48
7753 30058381 4
7754 30066135 32
7755 30073890 128
7756 30081646 16
7757 30089403 12
7758 30097161 12
7759 30104920 32
7760 30112680 128
7761 30120441 16
7762 30128203 8
7763 30135966 32
7764 30143730 32
7765 30151495 16
7766 30159261 24
7767 30167028 36
7768 30174796 24
7769 30182565 64
7770 30190335 64
7771 30198106 32
7772 30205878 32
7773 30213651 24
7774 30221425 36
7775 30229200 180
7776 30236976 240
7777 30244753 16
7778 30252531 8
7779 30260310 32
7780 30268090 32
7781 30275871 16
7782 30283653 16
7783 30291436 48
7784 30299220 144
7785 30307005 48
7786 30314791 16
7787 30322578 64
7788 30330366 32
7789 30338155 16
7790 30345945 96
7791 30353736 96
7792 30361528 16
7793 30369321 12
7794 30377115 24
7795 30384910 16
7796 30392706 32
7797 30400503 32
7798 30408301 16
7799 30416100 144
7800 30423900 144
7801 30431701 16
7802 30439503 48
7803 30447306 48
7804 30455110 32
7805 30462915 32
7806 30470721 16
7807 30478528 56
7808 30486336 112
7809 30494145 64
7810 30501955 32
7811 30509766 96
7812 30517578 96
7813 30525391 8
7814 30533205 16
7815 30541020 48
7816 30548836 12
7817 30556653 8
7818 30564471 16
7819 30572290 64
7820 30580110 192
7821 30587931 24
7822 30595753 4
7823 30603576 32
7824 30611400 96
7825 30619225 48
7826 30627051 32
7827 30634878 32
7828 30642706 16
7829 30650535 32
7830 30658365 64
7831 30666196 48
7832 30674028 96
7833 30681861 16
7834 30689695 8
7835 30697530 32
7836 30705366 32
7837 30713203 8
7838 30721041 24
7839 30728880 360
7840 30736720 60
7841 30744561 8
7842 30752403 32
7843 30760246 64
7844 30768090 64
7845 30775935 16
7846 30783781 16
7847 30791628 144
7848 30799476 72
7849 30807325 24
7850 30815175 24
7851 30823026 32
7852 30830878 16
7853 30838731 32
7854 30846585 64
7855 30854440 32
7856 30862296 80
7857 30870153 20
7858 30878011 8
7859 30885870 64
7860 30893730 64
7861 30901591 8
7862 30909453 8
7863 30917316 24
7864 30925180 72
7865 30933045 144
7866 30940911 24
7867 30948778 16
7868 30956646 64
7869 30964515 32
7870 30972385 16
7871 30980256 96
7872 30988128 48
7873 30996001 8
7874 31003875 96
7875 31011750 192
7876 31019626 16
7877 31027503 16
7878 31035381 16
7879 31043260 24
7880 31051140 96
7881 31059021 32
7882 31066903 8
7883 31074786 32
7884 31082670 128
7885 31090555 16
7886 31098441 16
7887 31106328 128
7888 31114216 128
7889 31122105 64
7890 31129995 32
7891 31137886 16
7892 31145778 24
7893 31153671 12
7894 31161565 8
7895 31169460 96
7896 31177356 96
7897 31185253 16
7898 31193151 16
7899 31201050 48
7900 31208950 24
7901 31216851 12
7902 31224753 24
7903 31232656 80
7904 31240560 320
7905 31248465 64
7906 31256371 8
7907 31264278 16
7908 31272186 32
7909 31280095 32
7910 31288005 64
7911 31295916 96
7912 31303828 48
7913 31311741 16
7914 31319655 16
7915 31327570 16
7916 31335486 64
7917 31343403 64
7918 31351321 8
7919 31359240 96
7920 31367160 144
7921 31375081 12
7922 31383003 32
7923 31390926 64
7924 31398850 48
7925 31406775 24
7926 31414701 8
7927 31422628 12
7928 31430556 36
7929 31438485 48
7930 31446415 64
7931 31454346 64
7932 31462278 16
7933 31470211 4
7934 31478145 24
7935 31486080 192
7936 31494016 32
7937 31501953 30
7938 31509891 60
7939 31517830 32
7940 31525770 32
7941 31533711 24
7942 31541653 36
7943 31549596 72
7944 31557540 96
7945 31565485 32
7946 31573431 24
7947 31581378 24
7948 31589326 8
7949 31597275 24
7950 31605225 24
7951 31613176 32
7952 31621128 128
7953 31629081 32
7954 31637035 32
7955 31644990 192
7956 31652946 96
7957 31660903 16
7958 31668861 32
7959 31676820 96
7960 31684780 48
7961 31692741 16
7962 31700703 8
7963 31708666 16
7964 31716630 128
7965 31724595 64
7966 31732561 16
7967 31740528 80
7968 31748496 80
7969 31756465 16
7970 31764435 16
7971 31772406 16
7972 31780378 32
7973 31788351 48
7974 31796325 72
7975 31804300 72
7976 31812276 24
7977 31820253 8
7978 31828231 8
7979 31836210 128
7980 31844190 128
7981 31852171 16
7982 31860153 24
7983 31868136 48
7984 31876120 32
7985 31884105 32
7986 31892091 48
7987 31900078 24
7988 31908066 16
7989 31916055 32
7990 31924045 32
7991 31932036 96
7992 31940028 48
7993 31948021 8
7994 31956015 64
7995 31964010 64
7996 31972006 16
7997 31980003 32
7998 31988001 32
7999 31996000 96
8000 32004000 288
8001 32012001 24
8002 32020003 8
8003 32028006 64
8004 32036010 64
8005 32044015 8
8006 32052021 16
8007 32060028 192
8008 32068036 48
8009 32076045 24
8010 32084055 24
8011 32092066 8
8012 32100078 16
8013 32108091 8
8014 32116105 16
8015 32124120 128
8016 32132136 32
8017 32140153 8
8018 32148171 56
8019 32156190 112
8020 32164210 32
8021 32172231 32
8022 32180253 32
8023 32188276 48
8024 32196300 144
8025 32204325 24
8026 32212351 8
8027 32220378 48
8028 32228406 96
8029 32236435 64
8030 32244465 32
8031 32252496 40
8032 32260528 40
8033 32268561 32
8034 32276595 32
8035 32284630 48
8036 32292666 144
8037 32300703 24
8038 32308741 4
8039 32316780 48
8040 32324820 192
8041 32332861 16
8042 32340903 16
8043 32348946 32
8044 32356990 16
8045 32365035 32
8046 32373081 32
8047 32381128 32
8048 32389176 32
8049 32397225 48
8050 32405275 48
8051 32413326 64
8052 32421378 32
8053 32429431 4
8054 32437485 24
8055 32445540 144
8056 32453596 48
8057 32461653 32
8058 32469711 16
8059 32477770 32
8060 32485830 64
8061 32493891 16
8062 32501953 16
8063 32510016 168
8064 32518080 168
8065 32526145 16
8066 32534211 16
8067 32542278 16
8068 32550346 8
8069 32558415 16
8070 32566485 32
8071 32574556 24
8072 32582628 96
8073 32590701 64
8074 32598775 48
8075 32606850 96
8076 32614926 32
8077 32623003 16
8078 32631081 16
8079 32639160 64
8080 32647240 32
8081 32655321 12
8082 32663403 24
8083 32671486 32
8084 32679570 192
8085 32687655 96
8086 32695741 8
8087 32703828 24
8088 32711916 24
8089 32720005 8
8090 32728095 48
8091 32736186 144
8092 32744278 24
8093 32752371 16
8094 32760465 32
8095 32768560 80
8096 32776656 80
8097 32784753 8
8098 32792851 16
8099 32800950 240
8100 32809050 60
8101 32817151 4
8102 32825253 16
8103 32833356 48
8104 32841460 24
8105 32849565 32
8106 32857671 48
8107 32865778 24
8108 32873886 48
8109 32881995 48
8110 32890105 8
8111 32898216 48
8112 32906328 192
8113 32914441 16
8114 32922555 16
8115 32930670 32
8116 32938786 8
8117 32946903 24
8118 32955021 48
8119 32963140 96
8120 32971260 96
8121 32979381 16
8122 32987503 8
8123 32995626 16
8124 33003750 80
8125 33011875 40
8126 33020001 64
8127 33028128 192
8128 33036256 48
8129 33044385 32
8130 33052515 32
8131 33060646 32
8132 33068778 32
8133 33076911 24
8134 33085045 24
8135 33093180 72
8136 33101316 72
8137 33109453 16
8138 33117591 16
8139 33125730 64
8140 33133870 64
8141 33142011 32
8142 33150153 32
8143 33158296 32
8144 33166440 96
8145 33174585 24
8146 33182731 4
8147 33190878 32
8148 33199026 64
8149 33207175 24
8150 33215325 96
8151 33223476 96
8152 33231628 24
8153 33239781 32
8154 33247935 64
8155 33256090 32
8156 33264246 16
8157 33272403 8
8158 33280561 8
8159 33288720 160
8160 33296880 80
8161 33305041 16
8162 33313203 48
8163 33321366 48
8164 33329530 64
8165 33337695 32
8166 33345861 8
8167 33354028 12
8168 33362196 48
8169 33370365 64
8170 33378535 16
8171 33386706 24
8172 33394878 48
8173 33403051 16
8174 33411225 48
8175 33419400 192
8176 33427576 128
8177 33435753 64
8178 33443931 16
8179 33452110 16
8180 33460290 80
8181 33468471 20
8182 33476653 12
8183 33484836 144
8184 33493020 96
8185 33501205 8
8186 33509391 8
8187 33517578 32
8188 33525766 32
8189 33533955 96
8190 33542145 48
8191 33550336 26
8192 33558528 52
8193 33566721 16
8194 33574915 32
8195 33583110 64
8196 33591306 32
8197 33599503 8
8198 33607701 12
8199 33615900 108
8200 33624100 72
8201 33632301 16
8202 33640503 16
8203 33648706 32
8204 33656910 64
8205 33665115 32
8206 33673321 16
8207 33681528 128
8208 33689736 64
8209 33697945 8
8210 33706155 64
8211 33714366 64
8212 33722578 16
8213 33730791 24
8214 33739005 48
8215 33747220 96
8216 33755436 144
8217 33763653 48
8218 33771871 8
8219 33780090 32
8220 33788310 32
8221 33796531 4
8222 33804753 8
8223 33812976 40
8224 33821200 120
8225 33829425 72
8226 33837651 24
8227 33845878 48
8228 33854106 96
8229 33862335 32
8230 33870565 8
8231 33878796 48
8232 33887028 48
8233 33895261 8
8234 33903495 64
8235 33911730 128
8236 33919966 16
8237 33928203 8
8238 33936441 32
8239 33944680 128
8240 33952920 128
8241 33961161 32
8242 33969403 8
8243 33977646 24
8244 33985890 96
8245 33994135 64
8246 34002381 32
8247 34010628 24
8248 34018876 24
8249 34027125 64
8250 34035375 64
8251 34043626 16
8252 34051878 48
8253 34060131 24
8254 34068385 16
8255 34076640 192
8256 34084896 96
8257 34093153 8
8258 34101411 8
8259 34109670 64
8260 34117930 64
8261 34126191 48
8262 34134453 24
8263 34142716 12
8264 34150980 96
8265 34159245 32
8266 34167511 8
8267 34175778 64
8268 34184046 32
8269 34192315 8
8270 34200585 24
8271 34208856 96
8272 34217128 32
8273 34225401 16
8274 34233675 48
8275 34241950 24
8276 34250226 32
8277 34258503 16
8278 34266781 8
8279 34275060 144
8280 34283340 324
8281 34291621 36
8282 34299903 32
8283 34308186 64
8284 34316470 32
8285 34324755 16
8286 34333041 8
8287 34341328 40
8288 34349616 160
8289 34357905 32
8290 34366195 8
8291 34374486 16
8292 34382778 16
8293 34391071 16
8294 34399365 128
8295 34407660 192
8296 34415956 24
8297 34424253 12
8298 34432551 24
8299 34440850 48
8300 34449150 48
8301 34457451 16
8302 34465753 24
8303 34474056 96
8304 34482360 128
8305 34490665 16
8306 34498971 24
8307 34507278 96
8308 34515586 32
8309 34523895 32
8310 34532205 16
8311 34540516 12
8312 34548828 48
8313 34557141 16
8314 34565455 8
8315 34573770 128
8316 34582086 64
8317 34590403 4
8318 34598721 16
8319 34607040 224
8320 34615360 112
8321 34623681 32
8322 34632003 64
8323 34640326 32
8324 34648650 72
8325 34656975 72
8326 34665301 16
8327 34673628 48
8328 34681956 24
8329 34690285 24
8330 34698615 48
8331 34706946 16
8332 34715278 16
8333 34723611 24
8334 34731945 24
8335 34740280 32
8336 34748616 64
8337 34756953 32
8338 34765291 16
8339 34773630 64
8340 34781970 64
8341 34790311 16
8342 34798653 40
8343 34806996 120
8344 34815340 48
8345 34823685 32
8346 34832031 32
8347 34840378 16
8348 34848726 48
8349 34857075 72
8350 34865425 24
8351 34873776 120
8352 34882128 60
8353 34890481 4
8354 34898835 16
8355 34907190 32
8356 34915546 16
8357 34923903 32
8358 34932261 32
8359 34940620 96
8360 34948980 144
8361 34957341 24
8362 34965703 8
8363 34974066 32
8364 34982430 128
8365 34990795 32
8366 34999161 16
8367 35007528 32
8368 35015896 16
8369 35024265 32
8370 35032635 64
8371 35041006 64
8372 35049378 64
8373 35057751 16
8374 35066125 32
8375 35074500 96
8376 35082876 24
8377 35091253 8
8378 35099631 72
8379 35108010 144
8380 35116390 48
8381 35124771 48
8382 35133153 32
8383 35141536 48
8384 35149920 192
8385 35158305 64
8386 35166691 8
8387 35175078 24
8388 35183466 24
8389 35191855 8
8390 35200245 16
8391 35208636 24
8392 35217028 48
8393 35225421 32
8394 35233815 32
8395 35242210 32
8396 35250606 32
8397 35259003 64
8398 35267401 32
8399 35275800 192
8400 35284200 192
8401 35292601 8
8402 35301003 8
8403 35309406 32
8404 35317810 48
8405 35326215 36
8406 35334621 24
8407 35343028 24
8408 35351436 24
8409 35359845 24
8410 35368255 24
8411 35376666 32
8412 35385078 32
8413 35393491 16
8414 35401905 96
8415 35410320 240
8416 35418736 40
8417 35427153 32
8418 35435571 16
8419 35443990 16
8420 35452410 64
8421 35460831 16
8422 35469253 4
8423 35477676 60
8424 35486100 180
8425 35494525 24
8426 35502951 24
8427 35511378 72
8428 35519806 24
8429 35528235 16
8430 35536665 16
8431 35545096 32
8432 35553528 96
8433 35561961 12
8434 35570395 16
8435 35578830 128
8436 35587266 128
8437 35595703 16
8438 35604141 16
8439 35612580 96
8440 35621020 48
8441 35629461 48
8442 35637903 24
8443 35646346 8
8444 35654790 32
8445 35663235 32
8446 35671681 8
8447 35680128 64
8448 35688576 256
8449 35697025 72
8450 35705475 72
8451 35713926 32
8452 35722378 16
8453 35730831 16
8454 35739285 32
8455 35747740 96
8456 35756196 48
8457 35764653 8
8458 35773111 8
8459 35781570 96
8460 35790030 48
8461 35798491 4
8462 35806953 32
8463 35815416 192
8464 35823880 48
8465 35832345 32
8466 35840811 16
8467 35849278 16
8468 35857746 48
8469 35866215 72
8470 35874685 48
8471 35883156 48
8472 35891628 48
8473 35900101 16
8474 35908575 48
8475 35917050 96
8476 35925526 48
8477 35934003 48
8478 35942481 32
8479 35950960 80
8480 35959440 160
8481 35967921 16
8482 35976403 8
8483 35984886 64
8484 35993370 64
8485 36001855 8
8486 36010341 24
8487 36018828 72
8488 36027316 24
8489 36035805 32
8490 36044295 32
8491 36052786 32
8492 36061278 64
8493 36069771 32
8494 36078265 16
8495 36086760 96
8496 36095256 96
8497 36103753 16
8498 36112251 16
8499 36120750 64
8500 36129250 32
8501 36137751 16
8502 36146253 32
8503 36154756 24
8504 36163260 144
8505 36171765 48
8506 36180271 8
8507 36188778 32
8508 36197286 32
8509 36205795 32
8510 36214305 32
8511 36222816 96
8512 36231328 48
8513 36239841 24
8514 36248355 96
8515 36256870 32
8516 36265386 32
8517 36273903 16
8518 36282421 8
8519 36290940 96
8520 36299460 48
8521 36307981 4
8522 36316503 12
8523 36325026 24
8524 36333550 48
8525 36342075 144
8526 36350601 24
8527 36359128 32
8528 36367656 64
8529 36376185 16
8530 36384715 16
8531 36393246 64
8532 36401778 128
8533 36410311 32
8534 36418845 32
8535 36427380 96
8536 36435916 24
8537 36444453 8
8538 36452991 8
8539 36461530 32
8540 36470070 192
8541 36478611 24
8542 36487153 4
8543 36495696 40
8544 36504240 80
8545 36512785 8
8546 36521331 32
8547 36529878 64
8548 36538426 16
8549 36546975 72
8550 36555525 72
8551 36564076 24
8552 36572628 24
8553 36581181 32
8554 36589735 64
8555 36598290 128
8556 36606846 64
8557 36615403 16
8558 36623961 32
8559 36632520 128
8560 36641080 64
8561 36649641 16
8562 36658203 8
8563 36666766 8
8564 36675330 32
8565 36683895 16
8566 36692461 8
8567 36701028 144
8568 36709596 288
8569 36718165 32
8570 36726735 16
8571 36735306 16
8572 36743878 8
8573 36752451 8
8574 36761025 48
8575 36769600 168
8576 36778176 84
8577 36786753 12
8578 36795331 8
8579 36803910 128
8580 36812490 64
8581 36821071 8
8582 36829653 16
8583 36838236 48
8584 36846820 96
8585 36855405 80
8586 36863991 40
8587 36872578 32
8588 36881166 64
8589 36889755 32
8590 36898345 24
8591 36906936 96
8592 36915528 64
8593 36924121 8
8594 36932715 24
8595 36941310 96
8596 36949906 16
8597 36958503 8
8598 36967101 8
8599 36975700 36
8600 36984300 144
8601 36992901 64
8602 37001503 32
8603 37010106 48
8604 37018710 48
8605 37027315 16
8606 37035921 32
8607 37044528 80
8608 37053136 20
8609 37061745 32
8610 37070355 64
8611 37078966 16
8612 37087578 64
8613 37096191 64
8614 37104805 16
8615 37113420 48
8616 37122036 48
8617 37130653 16
8618 37139271 48
8619 37147890 96
8620 37156510 32
8621 37165131 24
8622 37173753 12
8623 37182376 48
8624 37191000 384
8625 37199625 64
8626 37208251 8
8627 37216878 16
8628 37225506 16
8629 37234135 8
8630 37242765 48
8631 37251396 144
8632 37260028 48
8633 37268661 16
8634 37277295 32
8635 37285930 64
8636 37294566 32
8637 37303203 16
8638 37311841 16
8639 37320480 192
8640 37329120 96
8641 37337761 8
8642 37346403 32
8643 37355046 32
8644 37363690 64
8645 37372335 128
8646 37380981 16
8647 37389628 24
8648 37398276 108
8649 37406925 54
8650 37415575 24
8651 37424226 64
8652 37432878 64
8653 37441531 8
8654 37450185 16
8655 37458840 64
8656 37467496 32
8657 37476153 48
8658 37484811 48
8659 37493470 32
8660 37502130 32
8661 37510791 16
8662 37519453 8
8663 37528116 36
8664 37536780 72
8665 37545445 16
8666 37554111 40
8667 37562778 80
8668 37571446 16
8669 37580115 24
8670 37588785 96
8671 37597456 80
8672 37606128 120
8673 37614801 24
8674 37623475 12
8675 37632150 72
8676 37640826 24
8677 37649503 4
8678 37658181 16
8679 37666860 192
8680 37675540 48
8681 37684221 8
8682 37692903 16
8683 37701586 32
8684 37710270 96
8685 37718955 48
8686 37727641 32
8687 37736328 128
8688 37745016 32
8689 37753705 16
8690 37762395 32
8691 37771086 32
8692 37779778 16
8693 37788471 32
8694 37797165 128
8695 37805860 48
8696 37814556 48
8697 37823253 16
8698 37831951 4
8699 37840650 48
8700 37849350 192
8701 37858051 32
8702 37866753 24
8703 37875456 108
8704 37884160 72
8705 37892865 16
8706 37901571 8
8707 37910278 16
8708 37918986 32
8709 37927695 32
8710 37936405 32
8711 37945116 108
8712 37953828 54
8713 37962541 4
8714 37971255 32
8715 37979970 64
8716 37988686 16
8717 37997403 16
8718 38006121 8
8719 38014840 32
8720 38023560 256
8721 38032281 96
8722 38041003 48
8723 38049726 64
8724 38058450 48
8725 38067175 12
8726 38075901 8
8727 38084628 24
8728 38093356 48
8729 38102085 96
8730 38110815 24
8731 38119546 16
8732 38128278 64
8733 38137011 32
8734 38145745 16
8735 38154480 160
8736 38163216 80
8737 38171953 8
8738 38180691 24
8739 38189430 96
8740 38198170 32
8741 38206911 16
8742 38215653 32
8743 38224396 24
8744 38233140 96
8745 38241885 32
8746 38250631 4
8747 38259378 32
8748 38268126 64
8749 38276875 40
8750 38285625 40
8751 38294376 32
8752 38303128 16
8753 38311881 8
8754 38320635 32
8755 38329390 64
8756 38338146 96
8757 38346903 48
8758 38355661 16
8759 38364420 96
8760 38373180 48
8761 38381941 8
8762 38390703 32
8763 38399466 64
8764 38408230 32
8765 38416995 24
8766 38425761 24
8767 38434528 48
8768 38443296 96
8769 38452065 32
8770 38460835 24
8771 38469606 96
8772 38478378 64
8773 38487151 16
8774 38495925 96
8775 38504700 144
8776 38513476 24
8777 38522253 64
8778 38531031 32
8779 38539810 16
8780 38548590 32
8781 38557371 8
8782 38566153 4
8783 38574936 48
8784 38583720 192
8785 38592505 32
8786 38601291 32
8787 38610078 64
8788 38618866 64
8789 38627655 64
8790 38636445 32
8791 38645236 48
8792 38654028 72
8793 38662821 12
8794 38671615 8
8795 38680410 32
8796 38689206 32
8797 38698003 16
8798 38706801 32
8799 38715600 240
8800 38724400 120
8801 38733201 32
8802 38742003 16
8803 38750806 16
8804 38759610 64
8805 38768415 64
8806 38777221 16
8807 38786028 24
8808 38794836 48
8809 38803645 16
8810 38812455 48
8811 38821266 48
8812 38830078 16
8813 38838891 32
8814 38847705 64
8815 38856520 128
8816 38865336 64
8817 38874153 8
8818 38882971 4
8819 38891790 72
8820 38900610 72
8821 38909431 8
8822 38918253 32
8823 38927076 48
8824 38935900 36
8825 38944725 24
8826 38953551 32
8827 38962378 32
8828 38971206 40
8829 38980035 40
8830 38988865 8
8831 38997696 56
8832 39006528 168
8833 39015361 24
8834 39024195 64
8835 39033030 96
8836 39041866 12
8837 39050703 12
8838 39059541 12
8839 39068380 48
8840 39077220 192
8841 39086061 16
8842 39094903 8
8843 39103746 64
8844 39112590 128
8845 39121435 16
8846 39130281 12
8847 39139128 96
8848 39147976 32
8849 39156825 24
8850 39165675 48
8851 39174526 16
8852 39183378 32
8853 39192231 32
8854 39201085 64
8855 39209940 384
8856 39218796 96
8857 39227653 16
8858 39236511 16
8859 39245370 32
8860 39254230 16
8861 39263091 16
8862 39271953 16
8863 39280816 20
8864 39289680 120
8865 39298545 96
8866 39307411 16
8867 39316278 16
8868 39325146 48
8869 39334015 24
8870 39342885 16
8871 39351756 24
8872 39360628 24
8873 39369501 48
8874 39378375 96
8875 39387250 64
8876 39396126 64
8877 39405003 32
8878 39413881 16
8879 39422760 128
8880 39431640 128
8881 39440521 8
8882 39449403 32
8883 39458286 64
8884 39467170 16
8885 39476055 16
8886 39484941 8
8887 39493828 24
8888 39502716 48
8889 39511605 32
8890 39520495 32
8891 39529386 96
8892 39538278 48
8893 39547171 4
8894 39556065 16
8895 39564960 96
8896 39573856 96
8897 39582753 32
8898 39591651 16
8899 39600550 48
8900 39609450 144
8901 39618351 24
8902 39627253 8
8903 39636156 96
8904 39645060 192
8905 39653965 32
8906 39662871 16
8907 39671778 32
8908 39680686 32
8909 39689595 80
8910 39698505 160
8911 39707416 64
8912 39716328 32
8913 39725241 8
8914 39734155 8
8915 39743070 32
8916 39751986 32
8917 39760903 32
8918 39769821 48
8919 39778740 72
8920 39787660 48
8921 39796581 16
8922 39805503 8
8923 39814426 16
8924 39823350 192
8925 39832275 48
8926 39841201 8
8927 39850128 120
8928 39859056 60
8929 39867985 16
8930 39876915 64
8931 39885846 128
8932 39894778 32
8933 39903711 8
8934 39912645 16
8935 39921580 24
8936 39930516 48
8937 39939453 32
8938 39948391 16
8939 39957330 64
8940 39966270 32
8941 39975211 8
8942 39984153 32
8943 39993096 128
8944 40002040 64
8945 40010985 48
8946 40019931 48
8947 40028878 16
8948 40037826 32
8949 40046775 48
8950 40055725 12
8951 40064676 24
8952 40073628 48
8953 40082581 24
8954 40091535 72
8955 40100490 48
8956 40109446 24
8957 40118403 24
8958 40127361 24
8959 40136320 192
8960 40145280 256
8961 40154241 16
8962 40163203 4
8963 40172166 32
8964 40181130 128
8965 40190095 16
8966 40199061 24
8967 40208028 144
8968 40216996 24
8969 40225965 32
8970 40234935 32
8971 40243906 8
8972 40252878 24
8973 40261851 24
8974 40270825 24
8975 40279800 192
8976 40288776 128
8977 40297753 12
8978 40306731 24
8979 40315710 64
8980 40324690 32
8981 40333671 24
8982 40342653 24
8983 40351636 24
8984 40360620 48
8985 40369605 16
8986 40378591 16
8987 40387578 128
8988 40396566 64
8989 40405555 32
8990 40414545 96
8991 40423536 120
8992 40432528 60
8993 40441521 24
8994 40450515 32
8995 40459510 64
8996 40468506 32
8997 40477503 16
8998 40486501 8
8999 40495500 72
9000 40504500 72
9001 40513501 8
9002 40522503 16
9003 40531506 16
9004 40540510 16
9005 40549515 32
9006 40558521 16
9007 40567528 16
9008 40576536 192
9009 40585545 192
9010 40594555 16
9011 40603566 16
9012 40612578 16
9013 40621591 4
9014 40630605 16
9015 40639620 144
9016 40648636 72
9017 40657653 32
9018 40666671 32
9019 40675690 64
9020 40684710 128
9021 40693731 32
9022 40702753 16
9023 40711776 96
9024 40720800 216
9025 40729825 18
9026 40738851 24
9027 40747878 96
9028 40756906 16
9029 40765935 32
9030 40774965 64
9031 40783996 24
9032 40793028 24
9033 40802061 8
9034 40811095 16
9035 40820130 96
9036 40829166 48
9037 40838203 8
9038 40847241 16
9039 40856280 128
9040 40865320 32
9041 40874361 16
9042 40883403 16
9043 40892446 32
9044 40901490 256
9045 40910535 32
9046 40919581 8
9047 40928628 96
9048 40937676 48
9049 40946725 12
9050 40955775 48
9051 40964826 64
9052 40973878 32
9053 40982931 24
9054 40991985 24
9055 41001040 40
9056 41010096 40
9057 41019153 16
9058 41028211 8
9059 41037270 32
9060 41046330 128
9061 41055391 32
9062 41064453 48
9063 41073516 144
9064 41082580 144
9065 41091645 48
9066 41100711 8
9067 41109778 8
9068 41118846 16
9069 41127915 16
9070 41136985 16
9071 41146056 160
9072 41155128 160
9073 41164201 16
9074 41173275 72
9075 41182350 72
9076 41191426 16
9077 41200503 32
9078 41209581 32
9079 41218660 48
9080 41227740 72
9081 41236821 24
9082 41245903 16
9083 41254986 32
9084 41264070 64
9085 41273155 64
9086 41282241 64
9087 41291328 112
9088 41300416 56
9089 41309505 48
9090 41318595 24
9091 41327686 8
9092 41336778 32
9093 41345871 16
9094 41354965 16
9095 41364060 96
9096 41373156 48
9097 41382253 8
9098 41391351 16
9099 41400450 192
9100 41409550 96
9101 41418651 32
9102 41427753 16
9103 41436856 16
9104 41445960 64
9105 41455065 32
9106 41464171 16
9107 41473278 96
9108 41482386 48
9109 41491495 8
9110 41500605 16
9111 41509716 48
9112 41518828 48
9113 41527941 48
9114 41537055 48
9115 41546170 32
9116 41555286 48
9117 41564403 24
9118 41573521 16
9119 41582640 160
9120 41591760 160
9121 41600881 8
9122 41610003 8
9123 41619126 16
9124 41628250 32
9125 41637375 96
9126 41646501 24
9127 41655628 24
9128 41664756 96
9129 41673885 64
9130 41683015 32
9131 41692146 32
9132 41701278 16
9133 41710411 4
9134 41719545 48
9135 41728680 192
9136 41737816 16
9137 41746953 8
9138 41756091 32
9139 41765230 64
9140 41774370 64
9141 41783511 32
9142 41792653 16
9143 41801796 72
9144 41810940 144
9145 41820085 32
9146 41829231 16
9147 41838378 16
9148 41847526 16
9149 41856675 48
9150 41865825 24
9151 41874976 48
9152 41884128 240
9153 41893281 40
9154 41902435 16
9155 41911590 64
9156 41920746 32
9157 41929903 8
9158 41939061 32
9159 41948220 96
9160 41957380 24
9161 41966541 12
9162 41975703 72
9163 41984866 96
9164 41994030 128
9165 42003195 32
9166 42012361 8
9167 42021528 64
9168 42030696 64
9169 42039865 32
9170 42049035 48
9171 42058206 24
9172 42067378 8
9173 42076551 16
9174 42085725 48
9175 42094900 72
9176 42104076 192
9177 42113253 64
9178 42122431 16
9179 42131610 128
9180 42140790 64
9181 42149971 4
9182 42159153 8
9183 42168336 80
9184 42177520 160
9185 42186705 32
9186 42195891 8
9187 42205078 8
9188 42214266 24
9189 42223455 24
9190 42232645 32
9191 42241836 96
9192 42251028 48
9193 42260221 8
9194 42269415 16
9195 42278610 96
9196 42287806 48
9197 42297003 48
9198 42306201 24
9199 42315400 48
9200 42324600 96
9201 42333801 16
9202 42343003 8
9203 42352206 32
9204 42361410 128
9205 42370615 16
9206 42379821 32
9207 42389028 96
9208 42398236 12
9209 42407445 16
9210 42416655 32
9211 42425866 48
9212 42435078 96
9213 42444291 32
9214 42453505 32
9215 42462720 240
9216 42471936 120
9217 42481153 16
9218 42490371 32
9219 42499590 64
9220 42508810 16
9221 42518031 16
9222 42527253 32
9223 42536476 24
9224 42545700 108
9225 42554925 72
9226 42564151 8
9227 42573378 16
9228 42582606 32
9229 42591835 32
9230 42601065 64
9231 42610296 64
9232 42619528 32
9233 42628761 48
9234 42637995 48
9235 42647230 16
9236 42656466 16
9237 42665703 16
9238 42674941 8
9239 42684180 96
9240 42693420 96
9241 42702661 4
9242 42711903 24
9243 42721146 48
9244 42730390 24
9245 42739635 48
9246 42748881 32
9247 42758128 60
9248 42767376 60
9249 42776625 32
9250 42785875 48
9251 42795126 72
9252 42804378 48
9253 42813631 16
9254 42822885 32
9255 42832140 96
9256 42841396 24
9257 42850653 8
9258 42859911 16
9259 42869170 32
9260 42878430 128
9261 42887691 64
9262 42896953 16
9263 42906216 64
9264 42915480 128
9265 42924745 32
9266 42934011 16
9267 42943278 32
9268 42952546 64
9269 42961815 96
9270 42971085 48
9271 42980356 48
9272 42989628 96
9273 42998901 16
9274 43008175 24
9275 43017450 96
9276 43026726 16
9277 43036003 4
9278 43045281 12
9279 43054560 144
9280 43063840 48
9281 43073121 32
9282 43082403 32
9283 43091686 16
9284 43100970 64
9285 43110255 16
9286 43119541 8
9287 43128828 96
9288 43138116 96
9289 43147405 16
9290 43156695 32
9291 43165986 64
9292 43175278 16
9293 43184571 8
9294 43193865 48
9295 43203160 192
9296 43212456 96
9297 43221753 12
9298 43231051 8
9299 43240350 96
9300 43249650 96
9301 43258951 8
9302 43268253 16
9303 43277556 48
9304 43286860 24
9305 43296165 48
9306 43305471 48
9307 43314778 32
9308 43324086 64
9309 43333395 96
9310 43342705 24
9311 43352016 40
9312 43361328 80
9313 43370641 8
9314 43379955 40
9315 43389270 160
9316 43398586 64
9317 43407903 32
9318 43417221 8
9319 43426540 24
9320 43435860 96
9321 43445181 32
9322 43454503 8
9323 43463826 48
9324 43473150 144
9325 43482475 12
9326 43491801 8
9327 43501128 64
9328 43510456 64
9329 43519785 32
9330 43529115 64
9331 43538446 32
9332 43547778 48
9333 43557111 48
9334 43566445 16
9335 43575780 48
9336 43585116 24
9337 43594453 16
9338 43603791 64
9339 43613130 64
9340 43622470 16
9341 43631811 16
9342 43641153 16
9343 43650496 28
9344 43659840 224
9345 43669185 32
9346 43678531 8
9347 43687878 64
9348 43697226 32
9349 43706575 24
9350 43715925 72
9351 43725276 72
9352 43734628 48
9353 43743981 16
9354 43753335 16
9355 43762690 16
9356 43772046 16
9357 43781403 8
9358 43790761 12
9359 43800120 288
9360 43809480 384
9361 43818841 32
9362 43828203 16
9363 43837566 16
9364 43846930 16
9365 43856295 32
9366 43865661 64
9367 43875028 48
9368 43884396 48
9369 43893765 32
9370 43903135 8
9371 43912506 32
9372 43921878 128
9373 43931251 32
9374 43940625 48
9375 43950000 120
9376 43959376 20
9377 43968753 12
9378 43978131 24
9379 43987510 64
9380 43996890 128
9381 44006271 16
9382 44015653 8
9383 44025036 96
9384 44034420 96
9385 44043805 24
9386 44053191 72
9387 44062578 48
9388 44071966 16
9389 44081355 32
9390 44090745 16
9391 44100136 16
9392 44109528 64
9393 44118921 64
9394 44128315 32
9395 44137710 80
9396 44147106 40
9397 44156503 8
9398 44165901 32
9399 44175300 144
9400 44184700 144
9401 44194101 32
9402 44203503 8
9403 44212906 8
9404 44222310 96
9405 44231715 48
9406 44241121 8
9407 44250528 144
9408 44259936 108
9409 44269345 12
9410 44278755 16
9411 44288166 32
9412 44297578 16
9413 44306991 12
9414 44316405 48
9415 44325820 96
9416 44335236 96
9417 44344653 32
9418 44354071 8
9419 44363490 32
9420 44372910 32
9421 44382331 8
9422 44391753 32
9423 44401176 128
9424 44410600 192
9425 44420025 48
9426 44429451 16
9427 44438878 16
9428 44448306 32
9429 44457735 64
9430 44467165 16
9431 44476596 36
9432 44486028 36
9433 44495461 8
9434 44504895 64
9435 44514330 128
9436 44523766 16
9437 44533203 24
9438 44542641 24
9439 44552080 40
9440 44561520 120
9441 44570961 12
9442 44580403 16
9443 44589846 64
9444 44599290 32
9445 44608735 8
9446 44618181 16
9447 44627628 48
9448 44637076 24
9449 44646525 96
9450 44655975 96
9451 44665426 32
9452 44674878 64
9453 44684331 32
9454 44693785 32
9455 44703240 128
9456 44712696 96
9457 44722153 12
9458 44731611 12
9459 44741070 96
9460 44750530 32
9461 44759991 16
9462 44769453 16
9463 44778916 36
9464 44788380 144
9465 44797845 16
9466 44807311 4
9467 44816778 24
9468 44826246 48
9469 44835715 16
9470 44845185 64
9471 44854656 256
9472 44864128 32
9473 44873601 8
9474 44883075 24
9475 44892550 48
9476 44902026 112
9477 44911503 56
9478 44920981 8
9479 44930460 48
9480 44939940 96
9481 44949421 16
9482 44958903 32
9483 44968386 32
9484 44977870 32
9485 44987355 96
9486 44996841 48
9487 45006328 32
9488 45015816 32
9489 45025305 32
9490 45034795 16
9491 45044286 32
9492 45053778 64
9493 45063271 16
9494 45072765 48
9495 45082260 72
9496 45091756 12
9497 45101253 8
9498 45110751 32
9499 45120250 128
9500 45129750 64
9501 45139251 8
9502 45148753 16
9503 45158256 320
9504 45167760 160
9505 45177265 24
9506 45186771 24
9507 45196278 16
9508 45205786 16
9509 45215295 32
9510 45224805 16
9511 45234316 24
9512 45243828 144
9513 45253341 48
9514 45262855 32
9515 45272370 128
9516 45281886 64
9517 45291403 8
9518 45300921 16
9519 45310440 256
9520 45319960 64
9521 45329481 18
9522 45339003 36
9523 45348526 16
9524 45358050 48
9525 45367575 48
9526 45377101 16
9527 45386628 48
9528 45396156 48
9529 45405685 16
9530 45415215 32
9531 45424746 32
9532 45434278 8
9533 45443811 16
9534 45453345 32
9535 45462880 48
9536 45472416 144
9537 45481953 48
9538 45491491 8
9539 45501030 48
9540 45510570 192
9541 45520111 32
9542 45529653 16
9543 45539196 24
9544 45548740 48
9545 45558285 64
9546 45567831 16
9547 45577378 32
9548 45586926 96
9549 45596475 36
9550 45606025 12
9551 45615576 32
9552 45625128 64
9553 45634681 16
9554 45644235 96
9555 45653790 96
9556 45663346 16
